10
8
1
2
3
4
5
6
7
8
9
10
9999
45
9999
9999
9999
9999
9999
10
9999
9999
9999
9999
78
9999
9999
9999
9999
9999
9999
9999
9999
9999
9999
24
9999
9999
9999
9999
9999
9999
9999
9999
9999
9999
89
9999
9999
9999
9999
9999
9999
9999
9999
9999
9999
80
9999
9999
9999
9999
9999
9999
9999
9999
9999
9999
90
9999
9999
9999
9999
9999
9999
9999
9999
9999
9999
90
9999
9999
9999
9999
9999
9999
9999
9999
9999
9999
9999
9999
9999
9999
9999
9999
9999
9999
9999
9999
9999
9999
9999
9999
9999
9999
9999
9999
9999
9999
9999
9999
